1514851200000	251
1514851200000	70
1514851200000	227
1514851200000	130
1514851200000	84
1514851200000	96
1514851200000	303
1514851200000	674
1514851200000	813
1514851200000	670
1514851200000	784
1514851200000	539
1514937600000	512
1514937600000	295
1514937600000	255
1514937600000	145
1514937600000	77
1514937600000	104
1514937600000	344
1514937600000	781
1514937600000	941
1514937600000	931
1514937600000	1100
1514937600000	939
1515024000000	419
1515024000000	422
1515024000000	283
1515024000000	130
1515024000000	104
1515024000000	132
1515024000000	358
1515024000000	767
1515024000000	776
1515024000000	633
1515024000000	699
1515024000000	425
1515110400000	388
1515110400000	500
1515110400000	421
1515110400000	236
1515110400000	113
1515110400000	153
1515110400000	510
1515110400000	1077
1515110400000	1314
1515110400000	938
1515110400000	1286
1515110400000	862
1515196800000	281
1515196800000	342
1515196800000	292
1515196800000	155
1515196800000	108
1515196800000	95
1515196800000	298
1515196800000	546
1515196800000	395
1515196800000	204
1515196800000	119
1515196800000	60
1515283200000	72
1515283200000	29
1515283200000	27
1515283200000	19
1515283200000	16
1515283200000	18
1515283200000	47
1515283200000	196
1515283200000	287
1515283200000	208
1515283200000	126
1515283200000	142
1515369600000	450
1515369600000	137
1515369600000	179
1515369600000	109
1515369600000	53
1515369600000	79
1515369600000	283
1515369600000	824
1515369600000	896
1515369600000	996
1515369600000	754
1515369600000	1020
1515456000000	517
1515456000000	559
1515456000000	370
1515456000000	202
1515456000000	101
1515456000000	101
1515456000000	379
1515456000000	1000
1515456000000	1310
1515456000000	1113
1515456000000	563
1515456000000	662
1515542400000	417
1515542400000	320
1515542400000	246
1515542400000	128
1515542400000	67
1515542400000	72
1515542400000	233
1515542400000	631
1515542400000	916
1515542400000	588
1515542400000	630
1515542400000	811
1515628800000	457
1515628800000	337
1515628800000	247
1515628800000	135
1515628800000	61
1515628800000	89
1515628800000	449
1515628800000	926
1515628800000	1159
1515628800000	890
1515628800000	568
1515628800000	485
1515715200000	421
1515715200000	354
1515715200000	475
1515715200000	228
1515715200000	139
1515715200000	157
1515715200000	465
1515715200000	823
1515715200000	866
1515715200000	983
1515715200000	712
1515715200000	465
1515801600000	310
1515801600000	286
1515801600000	383
1515801600000	236
1515801600000	111
1515801600000	120
1515801600000	308
1515801600000	511
1515801600000	294
1515801600000	136
1515801600000	179
1515801600000	365
1515888000000	176
1515888000000	220
1515888000000	195
1515888000000	120
1515888000000	84
1515888000000	61
1515888000000	142
1515888000000	416
1515888000000	592
1515888000000	400
1515888000000	172
1515888000000	91
1515974400000	88
1515974400000	103
1515974400000	169
1515974400000	87
1515974400000	59
1515974400000	63
1515974400000	187
1515974400000	473
1515974400000	602
1515974400000	468
1515974400000	306
1515974400000	215
1516060800000	264
1516060800000	421
1516060800000	322
1516060800000	178
1516060800000	97
1516060800000	94
1516060800000	346
1516060800000	886
1516060800000	985
1516060800000	947
1516060800000	749
1516060800000	325
1516147200000	220
1516147200000	150
1516147200000	181
1516147200000	96
1516147200000	57
1516147200000	86
1516147200000	314
1516147200000	980
1516147200000	1013
1516147200000	1202
1516147200000	865
1516147200000	524
1516233600000	352
1516233600000	368
1516233600000	128
1516233600000	47
1516233600000	27
1516233600000	32
1516233600000	63
1516233600000	157
1516233600000	204
1516233600000	283
1516233600000	200
1516233600000	268
1516320000000	311
1516320000000	167
1516320000000	278
1516320000000	146
1516320000000	91
1516320000000	94
1516320000000	383
1516320000000	836
1516320000000	905
1516320000000	753
1516320000000	563
1516320000000	513
1516406400000	369
1516406400000	254
1516406400000	373
1516406400000	212
1516406400000	114
1516406400000	125
1516406400000	330
1516406400000	490
1516406400000	257
1516406400000	359
1516406400000	405
1516406400000	469
1516492800000	226
1516492800000	358
1516492800000	269
1516492800000	185
1516492800000	96
1516492800000	84
1516492800000	174
1516492800000	290
1516492800000	494
1516492800000	524
1516492800000	320
1516492800000	218
1516579200000	291
1516579200000	245
1516579200000	322
1516579200000	128
1516579200000	72
1516579200000	100
1516579200000	401
1516579200000	695
1516579200000	939
1516579200000	1001
1516579200000	704
1516579200000	497
1516665600000	485
1516665600000	472
1516665600000	359
1516665600000	163
1516665600000	92
1516665600000	117
1516665600000	361
1516665600000	1060
1516665600000	1173
1516665600000	940
1516665600000	704
1516665600000	576
1516752000000	453
1516752000000	409
1516752000000	392
1516752000000	210
1516752000000	118
1516752000000	149
1516752000000	537
1516752000000	953
1516752000000	991
1516752000000	917
1516752000000	728
1516752000000	532
1516838400000	500
1516838400000	549
1516838400000	412
1516838400000	194
1516838400000	117
1516838400000	156
1516838400000	498
1516838400000	935
1516838400000	1119
1516838400000	956
1516838400000	969
1516838400000	862
1516924800000	443
1516924800000	829
1516924800000	674
1516924800000	308
1516924800000	191
1516924800000	191
1516924800000	589
1516924800000	808
1516924800000	815
1516924800000	539
1516924800000	445
1516924800000	374
1517011200000	266
1517011200000	236
1517011200000	197
1517011200000	113
1517011200000	74
1517011200000	86
1517011200000	152
1517011200000	389
1517011200000	475
1517011200000	208
1517011200000	162
1517011200000	229
1517097600000	180
1517097600000	303
1517097600000	225
1517097600000	111
1517097600000	40
1517097600000	30
1517097600000	88
1517097600000	313
1517097600000	385
1517097600000	298
1517097600000	207
1517097600000	192
1517184000000	378
1517184000000	259
1517184000000	298
1517184000000	158
1517184000000	93
1517184000000	115
1517184000000	428
1517184000000	1019
1517184000000	1280
1517184000000	1015
1517184000000	779
1517184000000	456
1517270400000	611
1517270400000	733
1517270400000	478
1517270400000	245
1517270400000	134
1517270400000	159
1517270400000	452
1517270400000	911
1517270400000	1295
1517270400000	765
1517270400000	479
1517270400000	467
1517356800000	229
1517356800000	304
1517356800000	223
1517356800000	102
1517356800000	43
1517356800000	32
1517356800000	130
1517356800000	216
1517356800000	256
1517356800000	216
1517356800000	119
1517356800000	56
1517443200000	232
1517443200000	84
1517443200000	117
1517443200000	120
1517443200000	62
1517443200000	84
1517443200000	361
1517443200000	691
1517443200000	736
1517443200000	667
1517443200000	631
1517443200000	541
1517529600000	463
1517529600000	438
1517529600000	425
1517529600000	262
1517529600000	148
1517529600000	173
1517529600000	624
1517529600000	1290
1517529600000	1339
1517529600000	997
1517529600000	1002
1517529600000	702
1517616000000	361
1517616000000	319
1517616000000	358
1517616000000	238
1517616000000	124
1517616000000	122
1517616000000	321
1517616000000	543
1517616000000	491
1517616000000	356
1517616000000	352
1517616000000	335
1517702400000	173
1517702400000	225
1517702400000	187
1517702400000	66
1517702400000	56
1517702400000	51
1517702400000	179
1517702400000	420
1517702400000	413
1517702400000	274
1517702400000	177
1517702400000	223
1517788800000	374
1517788800000	147
1517788800000	285
1517788800000	169
1517788800000	89
1517788800000	76
1517788800000	297
1517788800000	1005
1517788800000	1373
1517788800000	1218
1517788800000	930
1517788800000	1021
1517875200000	560
1517875200000	321
1517875200000	259
1517875200000	138
1517875200000	88
1517875200000	102
1517875200000	368
1517875200000	886
1517875200000	902
1517875200000	710
1517875200000	606
1517875200000	893
1517961600000	391
1517961600000	451
1517961600000	278
1517961600000	144
1517961600000	93
1517961600000	99
1517961600000	454
1517961600000	1015
1517961600000	1029
1517961600000	876
1517961600000	647
1517961600000	451
1518048000000	358
1518048000000	333
1518048000000	346
1518048000000	131
1518048000000	108
1518048000000	134
1518048000000	465
1518048000000	824
1518048000000	999
1518048000000	659
1518048000000	544
1518048000000	523
1518134400000	546
1518134400000	493
1518134400000	359
1518134400000	236
1518134400000	121
1518134400000	149
1518134400000	367
1518134400000	658
1518134400000	681
1518134400000	596
1518134400000	583
1518134400000	651
1518220800000	353
1518220800000	366
1518220800000	490
1518220800000	284
1518220800000	151
1518220800000	155
1518220800000	490
1518220800000	840
1518220800000	482
1518220800000	372
1518220800000	244
1518220800000	291
1518307200000	379
1518307200000	429
1518307200000	337
1518307200000	237
1518307200000	112
1518307200000	118
1518307200000	242
1518307200000	470
1518307200000	560
1518307200000	293
1518307200000	276
1518307200000	457
1518393600000	348
1518393600000	269
1518393600000	247
1518393600000	141
1518393600000	70
1518393600000	93
1518393600000	371
1518393600000	885
1518393600000	911
1518393600000	1037
1518393600000	866
1518393600000	609
1518480000000	470
1518480000000	437
1518480000000	294
1518480000000	183
1518480000000	79
1518480000000	87
1518480000000	369
1518480000000	799
1518480000000	1155
1518480000000	1063
1518480000000	872
1518480000000	747
1518566400000	794
1518566400000	748
1518566400000	586
1518566400000	330
1518566400000	134
1518566400000	103
1518566400000	275
1518566400000	733
1518566400000	1190
1518566400000	1235
1518566400000	876
1518566400000	1048
1518652800000	547
1518652800000	501
1518652800000	480
1518652800000	298
1518652800000	148
1518652800000	169
1518652800000	680
1518652800000	1411
1518652800000	1473
1518652800000	936
1518652800000	704
1518652800000	930
1518739200000	537
1518739200000	455
1518739200000	377
1518739200000	281
1518739200000	186
1518739200000	198
1518739200000	667
1518739200000	1236
1518739200000	1307
1518739200000	1018
1518739200000	1238
1518739200000	839
1518825600000	402
1518825600000	299
1518825600000	341
1518825600000	227
1518825600000	153
1518825600000	137
1518825600000	388
1518825600000	665
1518825600000	543
1518825600000	221
1518825600000	246
1518825600000	542
1518912000000	277
1518912000000	473
1518912000000	398
1518912000000	213
1518912000000	124
1518912000000	141
1518912000000	297
1518912000000	595
1518912000000	539
1518912000000	226
1518912000000	82
1518912000000	56
1518998400000	51
1518998400000	213
1518998400000	212
1518998400000	141
1518998400000	72
1518998400000	77
1518998400000	264
1518998400000	578
1518998400000	568
1518998400000	404
1518998400000	187
1518998400000	168
1519084800000	348
1519084800000	280
1519084800000	248
1519084800000	151
1519084800000	87
1519084800000	106
1519084800000	380
1519084800000	926
1519084800000	1157
1519084800000	1064
1519084800000	817
1519084800000	746
1519171200000	619
1519171200000	491
1519171200000	369
1519171200000	233
1519171200000	126
1519171200000	126
1519171200000	525
1519171200000	1205
1519171200000	1474
1519171200000	965
1519171200000	696
1519171200000	755
1519257600000	424
1519257600000	313
1519257600000	420
1519257600000	259
1519257600000	133
1519257600000	138
1519257600000	458
1519257600000	863
1519257600000	1290
1519257600000	849
1519257600000	564
1519257600000	422
1519344000000	445
1519344000000	410
1519344000000	480
1519344000000	318
1519344000000	158
1519344000000	191
1519344000000	754
1519344000000	1397
1519344000000	1798
1519344000000	1240
1519344000000	1085
1519344000000	746
1519430400000	374
1519430400000	280
1519430400000	250
1519430400000	145
1519430400000	83
1519430400000	90
1519430400000	226
1519430400000	387
1519430400000	392
1519430400000	172
1519430400000	207
1519430400000	324
1519516800000	197
1519516800000	332
1519516800000	218
1519516800000	147
1519516800000	102
1519516800000	73
1519516800000	239
1519516800000	480
1519516800000	516
1519516800000	383
1519516800000	211
1519516800000	142
1519603200000	315
1519603200000	283
1519603200000	275
1519603200000	162
1519603200000	76
1519603200000	108
1519603200000	417
1519603200000	900
1519603200000	1254
1519603200000	1035
1519603200000	700
1519603200000	420
1519689600000	740
1519689600000	644
1519689600000	501
1519689600000	280
1519689600000	171
1519689600000	164
1519689600000	564
1519689600000	990
1519689600000	1155
1519689600000	773
1519689600000	636
1519689600000	992
1519776000000	339
1519776000000	389
1519776000000	327
1519776000000	177
1519776000000	79
1519776000000	123
1519776000000	320
1519776000000	420
1519776000000	428
1519776000000	335
1519776000000	260
1519776000000	102
1519862400000	24
1519862400000	85
1519862400000	36
1519862400000	18
1519862400000	5
1519862400000	7
1519862400000	10
1519862400000	27
1519862400000	51
1519862400000	90
1519862400000	35
1519862400000	22
1519948800000	15
1519948800000	14
1519948800000	5
1519948800000	3
1519948800000	5
1519948800000	2
1519948800000	5
1519948800000	30
1519948800000	20
1519948800000	16
1519948800000	12
1519948800000	13
1520035200000	14
1520035200000	10
1520035200000	9
1520035200000	3
1520035200000	2
1520035200000	2
1520035200000	5
1520035200000	11
1520035200000	17
1520035200000	12
1520035200000	14
1520035200000	6
1520121600000	5
1520121600000	4
1520121600000	5
1520121600000	1
1520121600000	1
1520121600000	7
1520121600000	14
1520121600000	11
1520121600000	9
1520121600000	17
1520121600000	6
1520208000000	9
1520208000000	2
1520208000000	3
1520208000000	4
1520208000000	5
1520208000000	7
1520208000000	8
1520208000000	5
1520208000000	12
1520208000000	5
1520294400000	9
1520294400000	5
1520294400000	6
1520294400000	4
1520294400000	1
1520294400000	5
1520294400000	19
1520294400000	29
1520294400000	29
1520294400000	20
1520294400000	10
1520380800000	8
1520380800000	3
1520380800000	6
1520380800000	4
1520380800000	1
1520380800000	2
1520380800000	2
1520380800000	12
1520380800000	6
1520380800000	9
1520467200000	2
1520467200000	2
1520467200000	5
1520467200000	16
1520467200000	12
1520467200000	17
1520467200000	5
1520467200000	1
1520553600000	2
1520553600000	3
1520553600000	5
1520553600000	1
1520553600000	1
1520553600000	1
1520553600000	1
1520553600000	1
1520553600000	3
1520553600000	6
1520553600000	4
1520640000000	1
1520640000000	2
1520640000000	1
1520640000000	1
1520640000000	3
1520640000000	1
1520640000000	2
1520726400000	1
1520726400000	1
1520726400000	1
1520726400000	1
1520726400000	1
1520726400000	1
1520726400000	1
1520726400000	1
1520812800000	1
1520812800000	2
1520812800000	2
1520812800000	2
1520812800000	6
1520812800000	4
1520812800000	2
1520812800000	1
1520899200000	5
1520899200000	2
1520899200000	2
1520899200000	1
1520899200000	2
1520899200000	1
1520899200000	2
1520899200000	2
1520985600000	1
1520985600000	1
1520985600000	1
1520985600000	1
1520985600000	1
1520985600000	3
1520985600000	2
1520985600000	1
1521072000000	5
1521072000000	1
1521072000000	13
1521072000000	3
1521072000000	2
1521158400000	1
1521158400000	2
1521158400000	1
1521158400000	1
1521244800000	1
1521244800000	1
1521331200000	1
1521331200000	1
1521331200000	1
1521331200000	1
1521331200000	1
1521417600000	1
1521417600000	1
1521417600000	1
1521417600000	1
1521417600000	2
1521417600000	5
1521417600000	1
1521504000000	2
1521504000000	1
1521504000000	1
1521504000000	2
1521504000000	1
1521590400000	1
1521590400000	1
1521590400000	1
1521590400000	1
1521590400000	1
1521590400000	1
1521676800000	1
1521676800000	1
1521676800000	3
1521676800000	1
1521676800000	1
1521763200000	3
1521763200000	2
1521763200000	1
1521763200000	2
1521763200000	6
1521763200000	5
1521763200000	6
1521763200000	1
1521849600000	1
1521849600000	1
1521849600000	1
1521849600000	1
1521849600000	1
1521936000000	1
1521936000000	1
1521936000000	1
1521936000000	2
1521936000000	3
1521936000000	2
1522022400000	1
1522022400000	2
1522022400000	1
1522022400000	1
1522022400000	5
1522022400000	1
1522022400000	1
1522022400000	1
1522108800000	3
1522108800000	7
1522108800000	3
1522108800000	2
1522108800000	1
1522108800000	2
1522108800000	5
1522108800000	2
1522195200000	1
1522195200000	5
1522195200000	1
1522195200000	1
1522195200000	2
1522195200000	1
1522195200000	3
1522195200000	1
1522195200000	3
1522281600000	2
1522281600000	2
1522281600000	1
1522281600000	1
1522281600000	3
1522281600000	2
1522281600000	1
1522368000000	1
1522368000000	1
1522368000000	1
1522454400000	2
1522454400000	1
1522454400000	1
1522454400000	2
1522540800000	1
1522540800000	2
1522540800000	1
1522540800000	1
1522627200000	2
1522627200000	1
1522627200000	1
1522627200000	3
1522627200000	2
1522627200000	1
1522713600000	1
1522713600000	3
1522713600000	3
1522713600000	4
1522713600000	1
1522800000000	1
1522800000000	1
1522800000000	1
1522800000000	2
1522800000000	1
1522800000000	1
1522800000000	1
1522886400000	1
1522886400000	1
1522886400000	1
1522886400000	1
1522886400000	2
1522886400000	2
1522886400000	1
1522972800000	1
1522972800000	1
1522972800000	1
1522972800000	1
1523059200000	1
1523059200000	1
1523059200000	1
1523145600000	1
1523145600000	1
1523232000000	1
1523232000000	2
1523232000000	2
1523232000000	1
1523318400000	1
1523318400000	1
1523318400000	1
1523318400000	1
1523404800000	20
1523404800000	1
1523404800000	2
1523404800000	2
1523404800000	1
1523404800000	1
1523491200000	1
1523491200000	1
1523491200000	2
1523491200000	2
1523577600000	1
1523577600000	2
1523577600000	1
1523664000000	1
1523750400000	1
1523750400000	1
1523750400000	1
1523836800000	2
1523836800000	1
1523836800000	1
1523836800000	1
1523836800000	1
1523836800000	1
1523923200000	2
1523923200000	2
1523923200000	2
1523923200000	6
1523923200000	2
1523923200000	2
1523923200000	4
